-0.143170
2.062087
-2.211614
-1.013482
-0.787886
-0.984278
-0.755541
-1.866092
0.226821
-0.366759
-0.075148
0.268215
0.695651
0.114387
0.136725
0.391629
0.080120
-0.773793
-0.476242
0.583668
1.168651
0.828422
2.685122
-0.230082
-0.372296
-0.087608
0.333049
-0.754444
1.186545
0.597227
-0.760354
-0.607855
-0.680149
0.302626
0.426613
1.146213
-0.427025
-1.037207
1.097529
-0.844623
1.859157
1.636237
-0.280260
1.179828
-0.106216
1.388859
-0.545287
0.796043
-0.627760
-1.928544
-0.654935
-1.449915
0.032147
-0.797570
-1.380694
0.586617
-0.597180
1.033544
0.283911
-0.620652
-0.866706
-0.235099
-0.171793
-0.054832
-0.709001
0.128241
-0.473472
0.906803
2.679810
1.003287
0.387144
-0.408612
0.294657
0.418811
-0.090736
1.418795
-0.816557
-0.210253
-0.156847
-0.017678
1.020881
3.325036
0.394482
1.319628
1.083775
-2.000391
-0.294694
0.987499
0.382813
-0.213461
0.141829
-1.025427
0.515270
1.138980
0.758445
-0.937125
1.856030
1.250587
-1.524078
-2.008483
0.359366
-0.117413
0.205718
0.396497
-0.765248
-1.232824
-0.672121
0.266128
-0.176303
-0.755351
-0.139613
0.897670
0.629738
-0.318868
-0.615854
1.038642
-0.590529
-0.353302
0.390636
0.708012
-0.323340
0.768145
0.888917
-1.378537
0.708081
1.433351
-0.020267
-0.897458
1.995433
0.401579
-1.043926
-0.403191
-1.236504
-0.858865
-0.304549
0.596693
-0.081321
1.456564
1.859874
-0.687581
0.957294
1.627394
-0.403576
-2.122934
-0.431271
-0.387495
0.682060
-0.863095
0.318272
-0.858585
-0.846978
-0.791190
-0.838267
-1.533694
-0.541546
-0.763058
0.306513
-0.678607
-0.204859
-1.310574
-0.085027
-0.239876
-1.287063
-1.540048
1.153535
-0.443033
0.490929
2.035535
-0.616022
1.598750
-1.341031
-0.619630
-0.750574
0.232128
-0.867691
0.544698
-1.344142
-0.031368
1.224974
-2.094837
-0.340311
0.167735
1.173204
0.432673
0.376183
0.115960
-0.576422
0.886452
1.124797
0.004853
1.101092
2.108062
-1.017742
-0.119956
0.051791
1.384951
0.329650
2.305779
1.269128
-1.237138
0.173261
0.612405
-0.684747
1.642739
1.088796
0.075829
-0.033373
0.820523
0.994652
2.928852
0.227080
0.656402
-1.286330
-2.873569
-1.198475
0.513721
-0.339639
0.279243
-0.443340
-0.732050
0.138178
1.787767
-0.252633
-2.100734
0.305056
0.983480
-0.139807
1.386145
-0.483116
0.971795
-1.672807
0.355844
-0.422601
0.450087
1.852722
0.488946
-1.699836
0.013298
-1.721315
1.526442
-0.033391
0.026502
-1.408605
0.457747
0.334640
-0.517284
-0.419480
-0.207923
-1.274092
-0.936298
-0.331466
-1.018810
-1.318063
1.410322
0.223244
-1.770197
0.925824
1.003783
-0.899246
-0.326017
-0.511901
0.697656
0.318814
0.229160
1.364871
1.455912
-0.983936
-0.248856
-0.543071
-1.372257
-0.116387
0.632214
-1.091639
-0.161836
-1.242786
-0.147468
-0.065524
0.497849
-0.253746
0.744229
-1.405597
1.757899
-1.774254
-0.852381
0.729463
1.999740
-1.641732
-0.499591
-1.558155
-1.043501
0.254052
-0.638586
-0.885159
-2.067029
2.419637
1.217198
-0.782008
-0.308933
-1.075623
0.898026
1.747997
0.328714
-0.768459
1.201586
-1.280071
0.053669
-0.793183
0.547153
0.972187
-2.233907
-0.410249
-0.328151
-2.046136
1.360727
-2.533941
0.510458
-0.192041
0.355616
-0.447920
0.895969
-0.661643
-0.868423
0.428131
-0.493861
-0.328665
0.164567
-0.499411
0.391990
-0.552241
0.193448
0.912296
0.688003
1.467673
0.644230
0.441968
0.380055
-0.092447
-0.185664
0.328902
-0.815129
0.778946
0.396188
-1.375702
0.092539
-0.252925
0.099405
-0.334185
1.681033
-0.714860
-0.555522
0.259481
-1.103314
0.481308
-0.048041
0.331093
1.857711
-1.776814
-0.518821
-1.148632
-2.103424
-0.444177
0.652572
-1.011226
-2.360542
-1.470853
-0.540199
-2.021573
0.147422
0.319050
1.031578
-0.018543
0.060071
0.439086
-0.423789
0.999104
0.638505
0.629049
-2.064551
0.659931
-1.652857
0.308706
1.205847
-1.397540
2.797918
0.879664
-0.275228
1.284812
-1.309876
0.183386
1.264281
-1.321986
1.086927
0.272155
0.311118
-1.452953
0.797677
0.006477
-1.872355
0.824834
-0.448806
0.920385
-0.213974
-0.267342
-0.256868
-1.602239
1.136370
0.085148
-0.916299
-0.018797
0.041980
0.811782
0.893291
-1.165423
0.970749
0.143409
0.483148
0.738912
0.936869
0.920455
-1.040897
1.176915
0.061951
0.959172
-1.001694
-0.597603
-0.780348
0.231195
0.441414
-1.180223
-0.608527
-1.751964
0.966699
-0.064493
-0.298227
-0.923386
-0.063311
-0.289367
1.083968
0.193706
0.973869
0.037776
-2.204901
0.330909
0.457401
-1.741521
-1.521267
-0.382360
0.682190
-0.268668
-0.469697
0.009981
0.852867
0.576138
0.349171
0.104573
-0.461859
0.657921
0.328876
0.542007
-3.376093
0.415469
-1.243217
0.054829
0.899962
0.316560
0.516966
-0.805409
0.029088
1.393826
0.212588
1.032803
0.286052
0.828023
-0.746342
0.300511
-0.229943
-1.354283
-1.402226
0.437790
0.141320
1.806953
0.875152
-0.468831
-0.618370
-0.126536
-1.545587
0.455221
1.331279
1.716181
-1.076055
0.614510
0.040269
-0.018974
0.422347
0.974840
0.393631
-0.449219
1.168717
-1.136474
0.501934
-0.338054
0.934549
-0.138213
0.035972
0.286355
-1.380257
0.755556
-0.011858
0.801048
0.359483
0.325265
-0.396321
-0.824372
0.323358
0.385575
1.264294
-1.497446
1.681827
0.052628
0.624844
1.721764
0.098220
0.375572
-0.277665
1.110435
-0.319395
0.661293
-0.943723
-2.399951
0.990951
1.207582
1.665059
1.191587
-0.446091
-1.149174
-0.765936
1.303575
0.345468
-0.423367
-0.811022
-0.226611
-0.610116
-0.041884
-1.987607
2.793006
-0.382976
-0.441174
0.690465
0.948638
0.857749
-0.318457
0.714670
-0.764939
0.911335
-0.014396
1.439863
-0.852859
-1.002309
-0.647166
0.757324
1.177348
-1.355577
2.992891
-0.497071
-0.420875
-1.006861
1.045305
0.148325
0.228470
-0.209601
0.919836
-0.456616
1.033707
-0.172981
0.640660
0.216922
-1.482333
-0.000224
-0.221746
0.063443
-1.719647
-0.430352
2.662682
-1.741372
0.795709
0.240891
1.148484
2.152905
-0.273690
-1.149079
1.185021
-0.264134
-0.993502
-0.301447
0.165510
-0.554949
-0.218806
-0.039809
-0.066595
0.316106
0.549381
2.600683
0.814074
1.988891
0.734397
0.124729
-0.275614
0.618632
0.027165
1.167204
2.229255
-0.310584
0.565491
0.643938
0.508485
-2.353856
0.499534
1.551031
1.979284
0.766450
-1.505227
-1.409569
0.621566
0.351918
1.212276
0.335464
0.422682
0.229701
-1.311395
-0.849669
1.512894
-0.026096
-0.142850
0.646607
-1.006734
0.180958
-0.434252
-0.155169
0.014682
0.102746
-0.461537
-1.454976
-0.547798
0.706012
0.301797
-0.025978
-0.383456
-0.109146
0.669731
0.511082
1.409156
1.193952
-0.436886
-0.880442
0.181800
-0.310284
0.500423
-1.703393
0.686854
1.239519
-0.140881
0.074962
-0.190148
0.888707
1.360072
-0.286810
-0.414162
2.437355
1.701866
-0.547121
-0.408327
-0.178451
0.404279
0.467278
0.749503
0.069815
1.386019
-0.545203
-0.474388
0.463381
0.676615
-0.699407
-0.849796
1.794394
1.650565
-0.054572
0.373746
1.304925
-0.195628
1.678841
-0.609815
-0.702263
0.036308
-0.268484
-0.156852
-0.361314
-1.409341
0.294647
1.682723
0.460676
0.375402
-3.206309
0.921454
-1.237185
0.536231
0.206741
-0.338371
0.409380
-0.413205
1.362421
-1.815798
-1.027360
0.800932
0.642412
0.045446
-2.453999
2.329046
-2.035163
-0.247028
-0.427228
-1.153675
0.406552
-0.069371
-2.603085
-1.364929
1.260349
0.305084
-0.715158
0.348967
2.576160
-0.229150
0.681947
-0.212227
-1.653969
1.229872
-0.876362
-0.988985
0.750153
-1.155512
-0.316307
-1.025832
0.614871
0.507943
-0.905770
-0.843868
1.302998
0.615424
0.723455
1.282251
1.357289
-0.104884
-2.781546
0.563416
-0.170553
-0.445132
-0.562685
-0.451360
0.122694
-0.450397
-0.210632
0.658942
0.043234
-0.373452
-1.412582
-1.872174
-1.009133
0.055164
0.865673
0.604992
0.440870
-0.957193
-2.335105
0.098953
1.084875
-1.842169
-0.384174
1.538254
-0.490428
0.264927
0.268631
-0.216213
1.506244
-0.547059
-0.032254
-0.404956
1.000243
-0.461406
-0.859991
-1.046922
1.955962
2.277112
-0.358684
0.285990
-1.893504
-0.868648
0.323842
-1.614811
0.312325
-0.236436
1.587778
0.574574
0.565691
-0.247412
-0.214185
0.197709
0.364589
-0.032807
1.962759
0.268232
-0.302269
-0.218916
-0.593963
-0.356308
-0.589763
-1.615451
0.363190
-0.015655
0.563467
-0.194001
1.371239
0.034911
-0.285575
-0.796244
1.800428
-1.372549
1.392295
0.209337
-1.720590
-0.673929
0.319530
-0.823961
-0.069101
1.172919
-0.105245
1.754909
-2.113180
-1.039272
1.542142
1.417181
0.889690
0.713312
-0.136392
0.134812
-0.440542
-0.818950
-0.875709
0.425260
1.047067
-0.576597
-2.125390
-0.055672
-1.165310
-0.392114
1.060827
0.654859
0.886101
-1.528524
-0.465832
-0.019647
-0.788055
-1.095959
-0.940438
-1.074378
0.234751
2.355032
0.446494
-1.395517
-0.778449
-1.932007
0.193708
1.548674
0.947088
0.997370
-0.293285
1.373964
1.277700
0.587864
-2.794452
-0.239304
-1.433110
0.216176
-1.353506
-0.699204
-0.004691
-1.538767
-0.457853
-0.681219
-1.081012
1.174912
-1.049313
0.032101
1.678540
0.398418
-1.143157
-0.804183
0.767173
-0.413257
-0.506175
-0.218794
-0.545948
0.544018
0.519846
-0.499473
0.713949
-0.104595
0.488152
0.091120
-0.244228
-1.807485
-0.704700
-0.943278
-0.407024
0.881643
1.423476
-0.534221
-1.291169
1.555991
-0.115311
0.036766
-0.136740
-0.432294
0.813063
-0.574836
-0.382749
-1.373708
-0.452739
1.163515
-0.842108
-1.301628
0.725840
-3.669083
-0.153266
0.346570
-0.231374
-0.922337
-1.641879
-1.062625
-0.692077
-0.064421
0.020136
-0.099403
-0.225014
0.779522
0.261995
-0.505178
-1.443285
-0.038360
0.059992
-0.854187
1.775921
-0.782531
-1.372511
0.624501
0.288713
-0.190771
0.002704
-0.453890
0.325129
-0.185070
0.457475
0.428793
-1.011747
0.393055
0.453008
-1.084506
-1.142244
-0.649109
-1.280798
-0.002260
1.847144
0.073634
1.057600
-1.213615
-1.548837
-0.122858
0.737262
-0.482428
0.149833
-0.017963
-0.247013
-0.726461
-0.194630
1.318234
-0.241712
1.058906
-1.119660
0.187059
0.022039
-0.222663
-0.967577
-1.853804
2.072855
0.750753
-1.397968
-0.080354
0.478525
-0.669122
0.896369
1.921092
-0.377789
